1 0.271875 0.221875 0.0265625 0.0328125
1 0.5453125 0.221875 0.025 0.034375
1 0.384375 0.25234375 0.021875 0.0484375
1 0.603125 0.259375 0.03125 0.04375
1 0.43984375 0.278125 0.025 0.04375
1 0.5015625 0.29140625 0.01875 0.0390625
2 0.54765625 0.3171875 0.0421875 0.1171875
2 0.3796875 0.34453125 0.0484375 0.1375
2 0.56875 0.3453125 0.01875 0.0796875
2 0.275 0.34609375 0.059375 0.13125
2 0.4421875 0.3484375 0.05 0.1171875
2 0.353125 0.3625 0.021875 0.078125
2 0.60546875 0.365625 0.0484375 0.146875
2 0.51796875 0.3703125 0.00625 0.0625
2 0.4796875 0.371875 0.01875 0.0671875
2 0.503125 0.37421875 0.04375 0.1140625
2 0.4171875 0.38203125 0.0140625 0.046875
2 0.46328125 0.384375 0.0140625 0.05625
2 0.5484375 0.325 0.0515625 0.1296875
2 0.63125 0.4078125 0.0203125 0.0515625
2 0.578125 0.409375 0.00625 0.059375
2 0.3765625 0.35546875 0.0609375 0.14375
2 0.4421875 0.35546875 0.0515625 0.109375
2 0.49921875 0.37578125 0.046875 0.1125
2 0.26875 0.35078125 0.08125 0.140625
2 0.609375 0.36640625 0.0578125 0.1484375
