1 0.19609375 0.2796875 0.0359375 0.046875
1 0.48125 0.22421875 0.0359375 0.053125
1 0.3171875 0.28359375 0.0375 0.05
1 0.55234375 0.23515625 0.0375 0.05
1 0.38515625 0.29609375 0.0390625 0.0515625
1 0.45234375 0.29375 0.028125 0.0359375
2 0.50859375 0.32734375 0.084375 0.1375
1 0.22421875 0.40703125 0.0984375 0.16875
2 0.528125 0.3359375 0.0421875 0.09375
2 0.3359375 0.384375 0.06875 0.1359375
2 0.40234375 0.37734375 0.075 0.1234375
2 0.3140625 0.40078125 0.040625 0.075
2 0.46953125 0.37890625 0.06875 0.121875
2 0.4875 0.37421875 0.0359375 0.075
2 0.57890625 0.3515625 0.0953125 0.1640625
2 0.43359375 0.3953125 0.025 0.0484375
2 0.44921875 0.39375 0.028125 0.0625
2 0.3875 0.41171875 0.025 0.053125
2 0.56015625 0.4046875 0.0328125 0.0734375
2 0.61640625 0.39296875 0.0375 0.0671875
