2 0.26640625 0.39921875 0.05625 0.084375
2 0.17734375 0.4328125 0.05 0.0609375
2 0.31484375 0.4109375 0.0453125 0.0453125
2 0.465625 0.40390625 0.0375 0.078125
2 0.60390625 0.39140625 0.0546875 0.0890625
2 0.6765625 0.3921875 0.0359375 0.0609375
2 0.53828125 0.421875 0.0390625 0.05
2 0.3265625 0.47109375 0.053125 0.109375
2 0.5046875 0.44296875 0.0234375 0.0484375
2 0.53203125 0.440625 0.075 0.1375
2 0.23203125 0.49921875 0.0953125 0.1578125
2 0.465625 0.496875 0.04375 0.109375
2 0.653125 0.48671875 0.1015625 0.1703125
2 0.4078125 0.54296875 0.13125 0.2609375
