1 0.3828125 0.34921875 0.0609375 0.0765625
1 0.2078125 0.38984375 0.0484375 0.0484375
1 0.315625 0.37890625 0.0359375 0.0421875
2 0.26484375 0.403125 0.0578125 0.084375
2 0.17578125 0.4390625 0.05 0.0609375
2 0.31328125 0.4140625 0.0453125 0.0453125
1 0.6390625 0.365625 0.040625 0.040625
2 0.4640625 0.4046875 0.0390625 0.078125
1 0.44453125 0.41015625 0.028125 0.0359375
1 0.5046875 0.40234375 0.0390625 0.05625
2 0.6015625 0.38984375 0.05625 0.0890625
2 0.675 0.3890625 0.0375 0.0625
2 0.5375 0.42109375 0.0390625 0.05
2 0.3265625 0.47421875 0.0546875 0.109375
2 0.50390625 0.44296875 0.025 0.0484375
2 0.53125 0.43984375 0.0765625 0.1375
2 0.23203125 0.50390625 0.096875 0.159375
2 0.465625 0.496875 0.0453125 0.109375
2 0.653125 0.48359375 0.1046875 0.1703125
2 0.40859375 0.54453125 0.134375 0.2625
