2 0.2875 0.36015625 0.04375 0.078125
2 0.19375 0.378125 0.040625 0.0546875
2 0.3328125 0.3796875 0.0390625 0.0390625
2 0.4828125 0.39921875 0.025 0.075
2 0.62109375 0.4109375 0.040625 0.0828125
2 0.69296875 0.42421875 0.0265625 0.0578125
2 0.5515625 0.4296875 0.03125 0.0453125
2 0.334375 0.44140625 0.0359375 0.1046875
2 0.51484375 0.44453125 0.015625 0.046875
2 0.5421875 0.446875 0.053125 0.1296875
2 0.2359375 0.45234375 0.0703125 0.1484375
2 0.46640625 0.490625 0.025 0.10625
2 0.653125 0.51328125 0.075 0.159375
2 0.4015625 0.5265625 0.0890625 0.25
