1 0.2484375 0.67109375 0.09375 0.1265625
1 0.36953125 0.58671875 0.0296875 0.0390625
1 0.56875 0.6171875 0.021875 0.03125
1 0.8625 0.40078125 0.090625 0.0984375
1 0.52109375 0.58671875 0.0265625 0.0265625
2 0.228125 0.8859375 0.15 0.228125
2 0.89609375 0.67109375 0.1734375 0.4078125
2 0.49921875 0.65078125 0.0484375 0.1046875
2 0.6 0.67890625 0.0625 0.1078125
0 0.8484375 0.62890625 0.303125 0.5734375
0 0.23046875 0.7984375 0.19375 0.403125
0 0.353125 0.68125 0.1265625 0.2546875
0 0.5078125 0.659375 0.0609375 0.1765625
0 0.5984375 0.70859375 0.1015625 0.2453125
