2 0.29921875 0.26328125 0.3890625 0.271875
2 0.65 0.10703125 0.1296875 0.2109375
2 0.7765625 0.14296875 0.134375 0.196875
2 0.88359375 0.1625 0.1125 0.2015625
2 0.9578125 0.19765625 0.084375 0.2109375
2 0.08515625 0.6796875 0.1234375 0.209375
2 0.18046875 0.76640625 0.1359375 0.2203125
2 0.284375 0.80625 0.1203125 0.2078125
2 0.3828125 0.8328125 0.13125 0.2171875
2 0.50859375 0.8703125 0.1328125 0.1984375
2 0.684375 0.43828125 0.1375 0.0734375
2 0.80078125 0.475 0.175 0.1421875
2 0.94765625 0.48828125 0.1046875 0.1640625
2 0.7765625 0.778125 0.1015625 0.2390625
