2 0.7046875 0.2671875 0.384375 0.265625
2 0.35703125 0.1046875 0.1265625 0.209375
2 0.2296875 0.13828125 0.13125 0.1953125
2 0.12265625 0.15625 0.109375 0.2
2 0.04375 0.190625 0.0875 0.209375
2 0.91171875 0.68671875 0.1203125 0.2078125
2 0.81484375 0.771875 0.1328125 0.21875
2 0.71015625 0.81015625 0.1171875 0.20625
2 0.61171875 0.83515625 0.128125 0.215625
2 0.48515625 0.8703125 0.1296875 0.196875
2 0.31640625 0.43515625 0.1359375 0.0703125
2 0.2 0.46953125 0.171875 0.1390625
2 0.0515625 0.48125 0.103125 0.1625
2 0.21875 0.7734375 0.096875 0.2375
