15 0.06171875 0.54453125 0.0984375 0.1421875
15 0.62109375 0.553125 0.0765625 0.125
8 0.040625 0.42421875 0.08125 0.0765625
15 0.1390625 0.59375 0.0546875 0.11875
15 0.21015625 0.57890625 0.075 0.1453125
15 0.2953125 0.61171875 0.065625 0.1359375
15 0.43671875 0.5578125 0.06875 0.1203125
15 0.5109375 0.5328125 0.0765625 0.1140625
15 0.83125 0.56875 0.0515625 0.1015625
15 0.896875 0.515625 0.053125 0.0890625
15 0.96015625 0.49765625 0.04375 0.08125
9 0.0546875 0.41640625 0.0515625 0.0375
9 0.12578125 0.4984375 0.040625 0.034375
9 0.20234375 0.46484375 0.040625 0.0390625
9 0.28203125 0.50546875 0.053125 0.0453125
9 0.32890625 0.48671875 0.040625 0.0453125
9 0.44375 0.46875 0.0625 0.0515625
9 0.50703125 0.434375 0.03125 0.0359375
9 0.5796875 0.43984375 0.040625 0.0390625
9 0.6234375 0.47578125 0.03125 0.0265625
9 0.8234375 0.4921875 0.0375 0.0328125
9 0.89296875 0.45546875 0.0375 0.0328125
9 0.95390625 0.4296875 0.034375 0.0328125