15 0.18671875 0.59453125 0.16875 0.303125
9 0.69375 0.14296875 0.0875 0.0734375
9 0.1765625 0.34921875 0.0828125 0.0625
9 0.584375 0.2984375 0.06875 0.0578125
15 0.35703125 0.66640625 0.178125 0.296875
9 0.4296875 0.18515625 0.071875 0.0640625
15 0.54609375 0.58671875 0.221875 0.3796875
9 0.50703125 0.359375 0.0859375 0.0703125
9 0.271875 0.18515625 0.096875 0.06875
9 0.33671875 0.42109375 0.10625 0.0984375
9 0.3953125 0.33984375 0.075 0.0890625
9 0.48203125 0.284375 0.0625 0.0625
10 0.71640625 0.434375 0.1828125 0.3546875
10 0.28515625 0.34296875 0.121875 0.0875