15 0.18203125 0.578125 0.153125 0.2953125
9 0.7125 0.15390625 0.084375 0.06875
9 0.18515625 0.3328125 0.0796875 0.0578125
9 0.59453125 0.303125 0.065625 0.0546875
15 0.3484375 0.65859375 0.1625 0.2890625
9 0.44609375 0.18203125 0.06875 0.0609375
15 0.54140625 0.5890625 0.203125 0.3703125
9 0.5140625 0.36015625 0.0828125 0.065625
9 0.2890625 0.1734375 0.09375 0.0640625
9 0.34140625 0.4125 0.1015625 0.09375
9 0.40390625 0.334375 0.0703125 0.0859375
9 0.49296875 0.28359375 0.059375 0.059375
10 0.71953125 0.44609375 0.165625 0.346875
10 0.29375 0.33203125 0.1171875 0.08125