9 0.72265625 0.2265625 0.0703125 0.0640625
9 0.57578125 0.215625 0.0765625 0.0546875
15 0.1734375 0.4171875 0.1390625 0.203125
9 0.27421875 0.12734375 0.04375 0.0375
9 0.44921875 0.228125 0.090625 0.13125
15 0.42109375 0.3875 0.0984375 0.2015625
15 0.70546875 0.38828125 0.10625 0.2171875
9 0.20625 0.23359375 0.059375 0.0609375
9 0.3265625 0.14453125 0.046875 0.034375
15 0.54765625 0.35546875 0.103125 0.1734375
9 0.078125 0.125 0.0328125 0.03125
15 0.26953125 0.22734375 0.0640625 0.1171875
15 0.37578125 0.24765625 0.0546875 0.0828125
9 0.37265625 0.159375 0.0375 0.0421875
9 0.86875 0.26484375 0.0796875 0.0828125
10 0.84296875 0.33515625 0.0734375 0.115625
25 0.17421875 0.54609375 0.1890625 0.6484375
25 0.4125 0.509375 0.1453125 0.5609375
25 0.5375 0.48046875 0.1625 0.5703125
25 0.69609375 0.5046875 0.134375 0.5796875
25 0.84609375 0.32265625 0.1265625 0.2078125
25 0.37421875 0.21015625 0.06875 0.1328125
25 0.2703125 0.309375 0.0890625 0.3796875
25 0.48515625 0.20078125 0.075 0.1203125
25 0.31640625 0.26015625 0.0484375 0.2609375
25 0.0765625 0.165625 0.0484375 0.121875
25 0.1734375 0.17265625 0.0578125 0.1
25 0.128125 0.1625 0.03125 0.1171875
18 0.13125 0.1265625 0.0203125 0.0546875
18 0.1546875 0.1328125 0.03125 0.04375
18 0.48359375 0.1609375 0.0421875 0.059375
18 0.434375 0.1453125 0.028125 0.04375
19 0.38828125 0.28671875 0.0703125 0.5734375