9 0.54453125 0.34609375 0.0703125 0.046875
15 0.78203125 0.63671875 0.0953125 0.215625
15 0.6859375 0.55625 0.103125 0.2015625
15 0.56875 0.515625 0.0890625 0.1828125
15 0.24453125 0.58671875 0.1515625 0.2296875
9 0.8609375 0.32734375 0.0953125 0.0609375
15 0.39296875 0.525 0.1421875 0.2140625
9 0.76640625 0.48125 0.0625 0.0640625
9 0.096875 0.31640625 0.14375 0.1234375
9 0.2421875 0.409375 0.0875 0.06875
9 0.36953125 0.375 0.084375 0.06875
9 0.6796875 0.3921875 0.0640625 0.05625
10 0.8796875 0.51484375 0.1375 0.203125
10 0.0875 0.51015625 0.125 0.2390625
11 0.90859375 0.59140625 0.14375 0.59375
11 0.7859375 0.67734375 0.0890625 0.425
11 0.68046875 0.62734375 0.1140625 0.521875
11 0.54921875 0.60546875 0.125 0.5859375
11 0.3671875 0.6296875 0.159375 0.546875
11 0.08359375 0.6125 0.1578125 0.628125
11 0.23671875 0.65703125 0.1203125 0.5296875