9 0.56796875 0.3546875 0.0765625 0.0578125
15 0.75703125 0.67890625 0.128125 0.228125
15 0.675 0.584375 0.1328125 0.215625
15 0.565625 0.5265625 0.1171875 0.19375
15 0.234375 0.5453125 0.1859375 0.25
9 0.88359375 0.3859375 0.103125 0.075
15 0.390625 0.5078125 0.1734375 0.234375
9 0.76640625 0.5234375 0.071875 0.0734375
9 0.13046875 0.25546875 0.1609375 0.14375
9 0.259375 0.3703125 0.096875 0.08125
9 0.390625 0.35625 0.09375 0.08125
9 0.69453125 0.421875 0.071875 0.065625
10 0.87265625 0.57421875 0.1671875 0.221875
10 0.090625 0.4453125 0.1609375 0.25625
11 0.8859375 0.653125 0.228125 0.609375
11 0.7546875 0.71953125 0.1546875 0.434375
11 0.65859375 0.65390625 0.19375 0.5328125
11 0.53203125 0.61171875 0.215625 0.5984375
11 0.3484375 0.60703125 0.2421875 0.565625
11 0.09921875 0.54609375 0.1984375 0.6453125
11 0.215625 0.6140625 0.2015625 0.5421875