15 0.7828125 0.63359375 0.0625 0.14375
15 0.48203125 0.521875 0.071875 0.078125
15 0.66640625 0.52421875 0.0515625 0.0859375
15 0.2828125 0.56015625 0.0390625 0.0671875
15 0.37265625 0.53828125 0.0453125 0.0859375
15 0.13359375 0.578125 0.0546875 0.1015625
15 0.63125 0.51953125 0.078125 0.09375
9 0.621875 0.4421875 0.0390625 0.0328125
9 0.4578125 0.44609375 0.0359375 0.040625
9 0.7515625 0.48046875 0.0484375 0.0421875
9 0.2828125 0.46875 0.03125 0.034375
9 0.12890625 0.50078125 0.0453125 0.046875
9 0.66796875 0.44296875 0.040625 0.03125