15 0.8 0.5875 0.084375 0.1515625
15 0.4859375 0.52421875 0.0828125 0.0890625
15 0.66796875 0.49765625 0.0640625 0.0921875
15 0.29453125 0.59375 0.0484375 0.071875
15 0.38046875 0.5578125 0.0578125 0.0921875
15 0.15 0.634375 0.0703125 0.109375
15 0.6328125 0.4984375 0.0921875 0.1046875
9 0.61171875 0.42421875 0.04375 0.0390625
9 0.45 0.453125 0.0421875 0.0453125
9 0.7453125 0.44140625 0.0546875 0.05
9 0.28046875 0.503125 0.0359375 0.0390625
9 0.13359375 0.55859375 0.0515625 0.053125
9 0.65703125 0.4171875 0.0453125 0.0375