1 0.690625 0.30859375 0.04375 0.0515625
3 0.7546875 0.434375 0.053125 0.0546875
3 0.28984375 0.328125 0.0484375 0.04375
3 0.39765625 0.3671875 0.034375 0.04375
3 0.58671875 0.41796875 0.034375 0.0484375
4 0.4734375 0.39453125 0.1828125 0.371875
4 0.63984375 0.5140625 0.171875 0.3
4 0.3765625 0.47109375 0.0875 0.1609375
4 0.56171875 0.51796875 0.0578125 0.1375
4 0.25390625 0.45234375 0.0921875 0.1671875
4 0.3734375 0.5 0.0546875 0.103125
4 0.25625 0.478125 0.0609375 0.1015625
2 0.58671875 0.609375 0.0484375 0.065625