17 0.534375 0.15 0.0578125 0.075
17 0.18203125 0.24140625 0.0609375 0.0921875
17 0.3015625 0.25703125 0.053125 0.0875
17 0.4203125 0.2609375 0.0484375 0.059375
17 0.7140625 0.253125 0.0640625 0.0953125
24 0.0703125 0.42421875 0.140625 0.3234375
24 0.21015625 0.40546875 0.1375 0.253125
24 0.328125 0.39140625 0.1203125 0.203125
24 0.57109375 0.34140625 0.153125 0.2578125
24 0.453125 0.4359375 0.1359375 0.228125
6 0.178125 0.5125 0.034375 0.05625
6 0.54296875 0.47421875 0.034375 0.0765625
6 0.6296875 0.47421875 0.040625 0.0859375
24 0.73828125 0.4515625 0.1703125 0.3
17 0.01953125 0.1859375 0.0390625 0.06875
7 0.01953125 0.23203125 0.0390625 0.0421875