3 0.05078125 0.2453125 0.09375 0.1828125
3 0.25234375 0.2546875 0.09375 0.1515625
3 0.86328125 0.27578125 0.06875 0.0828125
3 0.56875 0.28984375 0.0828125 0.10625
1 0.8640625 0.328125 0.05625 0.0421875
3 0.3859375 0.3984375 0.121875 0.1921875
4 0.86015625 0.47421875 0.1359375 0.2125
4 0.0859375 0.475 0.171875 0.328125
4 0.259375 0.47890625 0.146875 0.2484375
4 0.56015625 0.53515625 0.15625 0.2921875
4 0.2015625 0.54453125 0.084375 0.1609375
4 0.10546875 0.58046875 0.1171875 0.18125
4 0.29296875 0.60234375 0.08125 0.1703125
4 0.6203125 0.63125 0.084375 0.2359375
4 0.4046875 0.74765625 0.209375 0.425
4 0.271875 0.7515625 0.1234375 0.1546875
4 0.4359375 0.86875 0.175 0.2625