24 0.16796875 0.41640625 0.1515625 0.3984375
24 0.34296875 0.44453125 0.13125 0.2734375
24 0.07265625 0.4640625 0.0796875 0.1828125
24 0.73515625 0.4546875 0.1421875 0.36875
24 0.23828125 0.478125 0.04375 0.18125
24 0.64921875 0.496875 0.0578125 0.15
24 0.40390625 0.51640625 0.034375 0.1328125
24 0.278125 0.5203125 0.034375 0.159375
24 0.79765625 0.51953125 0.053125 0.209375
24 0.45546875 0.53671875 0.046875 0.171875
24 0.51875 0.5359375 0.1390625 0.3265625
24 0.56796875 0.534375 0.05625 0.2046875
24 0.95703125 0.646875 0.0859375 0.453125
24 0.8984375 0.72734375 0.084375 0.2359375