17 0.51015625 0.13984375 0.0765625 0.1
17 0.10234375 0.16171875 0.065625 0.1
17 0.23515625 0.24609375 0.0578125 0.1046875
17 0.6828125 0.284375 0.0859375 0.1125
17 0.365625 0.2703125 0.065625 0.090625
24 0.09140625 0.36171875 0.1328125 0.284375
24 0.02421875 0.3703125 0.0421875 0.140625
24 0.4890625 0.421875 0.153125 0.3484375
24 0.2359375 0.40390625 0.1140625 0.2453125
24 0.14921875 0.4046875 0.0484375 0.1609375
24 0.4234375 0.46953125 0.034375 0.121875
24 0.30390625 0.47265625 0.0265625 0.1453125
24 0.27734375 0.478125 0.0375 0.1078125
24 0.53125 0.49921875 0.0625 0.209375
24 0.384375 0.49453125 0.0625 0.165625
24 0.17890625 0.48046875 0.025 0.0875
6 0.0140625 0.4703125 0.028125 0.05
24 0.3421875 0.49375 0.1234375 0.2875
6 0.1328125 0.48984375 0.021875 0.04375
22 0.08828125 0.5046875 0.1765625 0.575
22 0.22734375 0.540625 0.15625 0.5171875
6 0.409375 0.58203125 0.0265625 0.0859375
22 0.6359375 0.60546875 0.28125 0.7890625
24 0.64765625 0.628125 0.1921875 0.478125
22 0.3375 0.61015625 0.1578125 0.5296875
22 0.46171875 0.61796875 0.2140625 0.7640625
24 0.5375 0.68125 0.0734375 0.259375
24 0.71171875 0.76171875 0.08125 0.2125