17 0.48828125 0.30078125 0.078125 0.08125
7 0.4828125 0.33984375 0.059375 0.0609375
17 0.71796875 0.35546875 0.034375 0.0578125
17 0.95625 0.3921875 0.059375 0.05625
17 0.34140625 0.39453125 0.04375 0.06875
17 0.44765625 0.4109375 0.021875 0.0390625
17 0.5890625 0.43203125 0.028125 0.0421875
24 0.715625 0.5046875 0.0734375 0.1953125
24 0.34609375 0.55390625 0.0796875 0.2265625
24 0.5890625 0.5578125 0.059375 0.15625
7 0.678125 0.60234375 0.0203125 0.0609375
6 0.75234375 0.60546875 0.0109375 0.053125
22 0.71875 0.615625 0.1078125 0.425
22 0.59375 0.6171875 0.078125 0.2921875
24 0.9453125 0.6265625 0.10625 0.3015625
24 0.4703125 0.628125 0.14375 0.3984375
6 0.303125 0.64609375 0.0140625 0.046875
22 0.34609375 0.6703125 0.0953125 0.45625
22 0.48828125 0.703125 0.1921875 0.59375
22 0.9328125 0.73671875 0.134375 0.521875
6 0.89375 0.76953125 0.021875 0.0515625