6 0.309375 0.30546875 0.0109375 0.040625
17 0.4140625 0.3296875 0.0484375 0.06875
17 0.234375 0.3359375 0.040625 0.0421875
17 0.3421875 0.34609375 0.0296875 0.0375
6 0.2203125 0.346875 0.015625 0.0234375
7 0.4125 0.34921875 0.0390625 0.0546875
24 0.2875 0.36015625 0.04375 0.078125
6 0.63828125 0.371875 0.015625 0.0265625
6 0.6875 0.375 0.0296875 0.034375
24 0.19375 0.378125 0.040625 0.0546875
24 0.3328125 0.3796875 0.0390625 0.0390625
6 0.36796875 0.39453125 0.0125 0.021875
17 0.6625 0.39453125 0.034375 0.034375
24 0.4828125 0.39921875 0.025 0.075
17 0.4625 0.4015625 0.021875 0.0328125
17 0.5234375 0.40546875 0.0296875 0.0515625
24 0.62109375 0.4109375 0.040625 0.0828125
24 0.69296875 0.42421875 0.0265625 0.0578125
24 0.5515625 0.4296875 0.03125 0.0453125
24 0.334375 0.44140625 0.0359375 0.1046875
24 0.51484375 0.44453125 0.015625 0.046875
24 0.5421875 0.446875 0.053125 0.1296875
24 0.2359375 0.45234375 0.0703125 0.1484375
24 0.46640625 0.490625 0.025 0.10625
24 0.653125 0.51328125 0.075 0.159375
22 0.3390625 0.515625 0.06875 0.2796875
22 0.2515625 0.521875 0.1296875 0.478125
24 0.4015625 0.5265625 0.0890625 0.25
22 0.5453125 0.546875 0.078125 0.3359375
22 0.66015625 0.58125 0.1125 0.4453125
22 0.4015625 0.6578125 0.128125 0.5