17 0.4421875 0.33359375 0.0734375 0.08125
7 0.4421875 0.36875 0.0640625 0.0671875
17 0.67734375 0.36015625 0.0375 0.05
17 0.30703125 0.44609375 0.046875 0.078125
17 0.91015625 0.3859375 0.065625 0.0703125
17 0.41328125 0.4515625 0.0296875 0.053125
17 0.55390625 0.4453125 0.0375 0.034375
24 0.6921875 0.503125 0.090625 0.1921875
24 0.56953125 0.565625 0.078125 0.165625
24 0.3265625 0.59921875 0.10625 0.2375
22 0.58203125 0.62890625 0.096875 0.2984375
22 0.69765625 0.61875 0.1390625 0.440625
24 0.92890625 0.6171875 0.1421875 0.309375
24 0.4640625 0.66875 0.190625 0.428125
6 0.2890625 0.69765625 0.025 0.0453125
22 0.33359375 0.71640625 0.1515625 0.459375
22 0.48125 0.725 0.259375 0.55
22 0.91640625 0.71328125 0.1671875 0.4953125
6 0.99765625 0.7390625 0.0046875 0.0375
6 0.89140625 0.7609375 0.0265625 0.040625