3 0.1703125 0.14921875 0.0625 0.090625
3 0.4765625 0.228125 0.0484375 0.0875
3 0.3171875 0.25078125 0.046875 0.071875
3 0.534375 0.26015625 0.0375 0.0625
3 0.3984375 0.26640625 0.0328125 0.0515625
3 0.6078125 0.29375 0.040625 0.090625
4 0.159375 0.378125 0.103125 0.2890625
3 0.7828125 0.39375 0.059375 0.0625
4 0.5421875 0.39921875 0.0484375 0.1875
4 0.396875 0.403125 0.0625 0.1921875
4 0.4734375 0.4125 0.09375 0.253125
1 0.765625 0.41328125 0.025 0.0390625
4 0.5984375 0.4328125 0.08125 0.234375
4 0.315625 0.453125 0.09375 0.2640625
2 0.21953125 0.5203125 0.0171875 0.071875
2 0.4203125 0.5203125 0.01875 0.0453125
2 0.11484375 0.54296875 0.028125 0.08125
2 0.2625 0.57421875 0.01875 0.0375
2 0.36015625 0.578125 0.0265625 0.034375
4 0.76953125 0.5828125 0.1078125 0.26875
2 0.80234375 0.7171875 0.0203125 0.04375