17 0.03515625 0.3359375 0.0703125 0.19375
17 0.21015625 0.30703125 0.115625 0.1640625
17 0.8140625 0.2109375 0.0796875 0.0921875
17 0.52734375 0.28125 0.0984375 0.1171875
7 0.82421875 0.26171875 0.0625 0.05
17 0.36875 0.42265625 0.15 0.2078125
24 0.8484375 0.40625 0.1671875 0.23125
24 0.09921875 0.5546875 0.1984375 0.35
24 0.26015625 0.525 0.1828125 0.265625
24 0.565625 0.5234375 0.2 0.3109375
24 0.215625 0.60078125 0.1078125 0.1703125
22 0.86875 0.49140625 0.2625 0.4390625
24 0.128125 0.6546875 0.14375 0.196875
24 0.31640625 0.640625 0.10625 0.1796875
24 0.64296875 0.60625 0.11875 0.2453125
24 0.45390625 0.7609375 0.271875 0.45
24 0.3234375 0.790625 0.14375 0.171875
24 0.50625 0.86640625 0.2125 0.2671875