7 0.190625 0.15546875 0.0484375 0.0421875
17 0.32734375 0.20703125 0.0484375 0.0984375
17 0.709375 0.20234375 0.0390625 0.0671875
17 0.43359375 0.26015625 0.04375 0.096875
17 0.56640625 0.29375 0.04375 0.053125
17 0.8765625 0.3453125 0.05 0.0828125
24 0.17265625 0.3796875 0.115625 0.353125
24 0.3109375 0.39453125 0.1015625 0.25625
24 0.7015625 0.38828125 0.1015625 0.23125
24 0.4296875 0.40078125 0.0890625 0.2015625
24 0.553125 0.46796875 0.103125 0.2234375
6 0.2625 0.50625 0.0203125 0.0421875
22 0.30234375 0.5078125 0.140625 0.49375
6 0.646875 0.51875 0.025 0.0671875
22 0.42578125 0.52734375 0.115625 0.4375
6 0.73984375 0.53046875 0.025 0.078125
22 0.69765625 0.53984375 0.1421875 0.5328125
24 0.865625 0.540625 0.096875 0.26875
22 0.55234375 0.5484375 0.1234375 0.403125
22 0.18828125 0.5671875 0.146875 0.725
22 0.85078125 0.646875 0.1515625 0.4828125
6 0.8171875 0.67421875 0.021875 0.034375
17 0.18125 0.10390625 0.0671875 0.06875