3 0.4515625 0.33046875 0.06875 0.078125
1 0.44921875 0.365625 0.0609375 0.0640625
3 0.684375 0.36953125 0.0359375 0.0484375
3 0.31015625 0.43671875 0.0421875 0.0765625
3 0.915625 0.4078125 0.0625 0.0671875
3 0.415625 0.44765625 0.028125 0.053125
3 0.55703125 0.4484375 0.0359375 0.0328125
4 0.69140625 0.51328125 0.08125 0.1890625
4 0.56640625 0.56953125 0.0703125 0.1625
4 0.321875 0.58984375 0.0953125 0.234375
4 0.925 0.640625 0.1328125 0.3046875
4 0.45546875 0.66640625 0.1703125 0.4234375
2 0.27890625 0.6859375 0.021875 0.0453125
2 0.99140625 0.765625 0.015625 0.0359375
2 0.878125 0.78125 0.0234375 0.0390625