6 0.27578125 0.3453125 0.01875 0.0421875
17 0.3828125 0.34921875 0.0609375 0.0765625
17 0.2078125 0.38984375 0.0484375 0.0484375
17 0.315625 0.37890625 0.0359375 0.0421875
6 0.19609375 0.403125 0.0203125 0.0265625
7 0.38515625 0.36875 0.0484375 0.0609375
24 0.26484375 0.403125 0.0578125 0.084375
6 0.6109375 0.34765625 0.0203125 0.0296875
6 0.66015625 0.34140625 0.0359375 0.0390625
24 0.17578125 0.4390625 0.05 0.0609375
24 0.31328125 0.4140625 0.0453125 0.0453125
6 0.35 0.421875 0.0171875 0.0234375
17 0.6390625 0.365625 0.040625 0.040625
24 0.4640625 0.4046875 0.0390625 0.078125
17 0.44453125 0.41015625 0.028125 0.0359375
17 0.5046875 0.40234375 0.0390625 0.05625
24 0.6015625 0.38984375 0.05625 0.0890625
24 0.675 0.3890625 0.0375 0.0625
24 0.5375 0.42109375 0.0390625 0.05
24 0.3265625 0.47421875 0.0546875 0.109375
24 0.50390625 0.44296875 0.025 0.0484375
24 0.53125 0.43984375 0.0765625 0.1375
24 0.23203125 0.50390625 0.096875 0.159375
24 0.465625 0.496875 0.0453125 0.109375
24 0.653125 0.48359375 0.1046875 0.1703125
22 0.3453125 0.54609375 0.1203125 0.2875
22 0.26015625 0.56875 0.21875 0.49375
24 0.40859375 0.54453125 0.134375 0.2625
22 0.553125 0.5375 0.140625 0.3453125
22 0.67265625 0.54921875 0.1953125 0.459375
22 0.43359375 0.6734375 0.221875 0.515625