2 0.35390625 0.2703125 0.01875 0.0421875
3 0.4515625 0.315625 0.0609375 0.0765625
3 0.27421875 0.284375 0.0484375 0.05
3 0.37734375 0.31640625 0.0375 0.0421875
2 0.25859375 0.2921875 0.0203125 0.0265625
1 0.44609375 0.334375 0.05 0.0609375
4 0.32109375 0.31875 0.059375 0.0859375
2 0.66171875 0.403125 0.0203125 0.0296875
2 0.709375 0.41640625 0.0359375 0.0390625
4 0.22578125 0.3171875 0.0515625 0.0625
4 0.36171875 0.34765625 0.046875 0.046875
2 0.39296875 0.36953125 0.0171875 0.0234375
3 0.68125 0.43046875 0.040625 0.040625
4 0.50390625 0.39765625 0.040625 0.078125
3 0.48359375 0.39609375 0.028125 0.0359375
3 0.54296875 0.4125 0.0390625 0.05625
4 0.63671875 0.43828125 0.05625 0.0890625
4 0.7046875 0.465625 0.0375 0.0625
4 0.56484375 0.4421875 0.040625 0.0515625
4 0.35 0.40859375 0.05625 0.109375
4 0.52578125 0.44921875 0.025 0.0484375
4 0.55234375 0.45703125 0.0796875 0.1375
4 0.2515625 0.3984375 0.1 0.159375
4 0.46875 0.48359375 0.046875 0.109375
4 0.646875 0.54453125 0.10625 0.171875
4 0.3984375 0.50546875 0.1390625 0.2625