1 0.35859375 0.14140625 0.0890625 0.1015625
3 0.49453125 0.26171875 0.103125 0.1328125
3 0.96796875 0.434375 0.0640625 0.103125
3 0.60546875 0.39921875 0.0984375 0.140625
3 0.74765625 0.49453125 0.0828125 0.109375
4 0.3890625 0.51640625 0.215625 0.4328125
4 0.53828125 0.571875 0.19375 0.34375
4 0.8765625 0.6875 0.2078125 0.3546875
4 0.3109375 0.54765625 0.1015625 0.2203125
4 0.18984375 0.5234375 0.346875 0.675
4 0.428125 0.6 0.0578125 0.140625
4 0.7984375 0.715625 0.084375 0.16875
4 0.45390625 0.628125 0.0703125 0.128125
4 0.56015625 0.67109375 0.053125 0.1171875
4 0.9265625 0.77265625 0.078125 0.184375
4 0.61484375 0.70625 0.103125 0.1859375
4 0.6546875 0.71953125 0.2015625 0.3421875
4 0.71171875 0.73671875 0.1015625 0.19375
3 0.35390625 0.07109375 0.1734375 0.1421875