1 0.63828125 0.26796875 0.034375 0.0453125
3 0.73125 0.375 0.04375 0.0453125
3 0.2546875 0.384375 0.040625 0.034375
3 0.36875 0.39609375 0.025 0.0390625
3 0.5640625 0.39921875 0.025 0.04375
4 0.4484375 0.40390625 0.1 0.3578125
4 0.6390625 0.4796875 0.10625 0.2828125
4 0.3734375 0.5015625 0.0515625 0.153125
4 0.5640625 0.50234375 0.0265625 0.134375
4 0.25 0.51328125 0.05625 0.1578125
4 0.37734375 0.53046875 0.03125 0.0984375
4 0.2578125 0.5375 0.0390625 0.0953125
2 0.6109375 0.58515625 0.034375 0.059375