7 0.196875 0.15 0.0484375 0.040625
17 0.3328125 0.20390625 0.046875 0.096875
17 0.71484375 0.20625 0.0375 0.0671875
17 0.4375 0.259375 0.0421875 0.096875
17 0.5703125 0.2953125 0.0421875 0.053125
17 0.87890625 0.3515625 0.0484375 0.08125
24 0.175 0.37421875 0.109375 0.3515625
24 0.3125 0.39140625 0.096875 0.2546875
24 0.703125 0.3921875 0.096875 0.2296875
24 0.43125 0.39921875 0.0859375 0.2
24 0.55390625 0.46875 0.1 0.221875
6 0.2625 0.50234375 0.0203125 0.0421875
22 0.30234375 0.5046875 0.1328125 0.4921875
6 0.646875 0.52109375 0.0234375 0.0671875
22 0.425 0.52578125 0.1078125 0.4359375
6 0.7390625 0.534375 0.0234375 0.078125
22 0.696875 0.54296875 0.1328125 0.53125
24 0.86484375 0.546875 0.0921875 0.2671875
22 0.5515625 0.54921875 0.1171875 0.4015625
22 0.1875 0.56171875 0.134375 0.7234375
22 0.8484375 0.653125 0.14375 0.4796875
6 0.8140625 0.6796875 0.021875 0.034375
17 0.18828125 0.0984375 0.065625 0.0671875