1 0.1734375 0.171875 0.0515625 0.04375
3 0.3125 0.21640625 0.053125 0.1
3 0.69375 0.1921875 0.0421875 0.0703125
3 0.42109375 0.2640625 0.0484375 0.1
3 0.55625 0.290625 0.0453125 0.05625
3 0.86796875 0.32578125 0.0546875 0.084375
4 0.1671875 0.396875 0.134375 0.3578125
4 0.30546875 0.4046875 0.1140625 0.2609375
4 0.6953125 0.378125 0.1125 0.2359375
4 0.42421875 0.40390625 0.1 0.20625
4 0.5515625 0.46484375 0.115625 0.228125
2 0.26328125 0.51875 0.0234375 0.04375
2 0.64765625 0.5109375 0.028125 0.06875
2 0.740625 0.51796875 0.028125 0.0796875
4 0.8671875 0.52109375 0.1109375 0.2734375
2 0.82578125 0.65625 0.025 0.0359375
3 0.1609375 0.12109375 0.0703125 0.071875