17 0.2625 0.2296875 0.028125 0.034375
17 0.5359375 0.2203125 0.0265625 0.0359375
7 0.2625 0.25078125 0.0265625 0.040625
17 0.37578125 0.25625 0.0234375 0.0484375
17 0.59453125 0.25625 0.0328125 0.0453125
17 0.43203125 0.28046875 0.0265625 0.0453125
17 0.49453125 0.29140625 0.0203125 0.0390625
24 0.54140625 0.315625 0.046875 0.11875
24 0.37421875 0.3484375 0.053125 0.1390625
24 0.56328125 0.34296875 0.021875 0.0796875
24 0.26953125 0.35390625 0.0640625 0.1328125
24 0.43671875 0.35078125 0.0546875 0.11875
24 0.3484375 0.36796875 0.025 0.078125
24 0.60078125 0.36171875 0.053125 0.1484375
24 0.51328125 0.36953125 0.0078125 0.0625
24 0.475 0.37265625 0.0203125 0.0671875
24 0.4984375 0.37421875 0.0484375 0.115625
24 0.41328125 0.38515625 0.015625 0.046875
24 0.459375 0.3859375 0.015625 0.05625
24 0.5421875 0.3234375 0.05625 0.13125
24 0.628125 0.403125 0.021875 0.0515625
24 0.575 0.40703125 0.0078125 0.059375
15 0.371875 0.36015625 0.065625 0.1453125
24 0.4375 0.3578125 0.0546875 0.1109375
24 0.49453125 0.37578125 0.05 0.1140625
15 0.2640625 0.35859375 0.0859375 0.14375
24 0.6046875 0.3625 0.0625 0.15