7 0.63828125 0.26875 0.034375 0.0453125
17 0.73125 0.375 0.04375 0.0453125
17 0.2546875 0.384375 0.040625 0.034375
17 0.36875 0.39609375 0.025 0.0390625
17 0.5640625 0.39921875 0.025 0.04375
24 0.4484375 0.40390625 0.1 0.3578125
24 0.6390625 0.4796875 0.10625 0.2828125
24 0.3734375 0.5015625 0.0515625 0.153125
24 0.5640625 0.50234375 0.0265625 0.134375
24 0.25 0.51328125 0.05625 0.1578125
24 0.37734375 0.53046875 0.03125 0.0984375
24 0.2578125 0.5375 0.0390625 0.0953125
22 0.378125 0.5734375 0.0328125 0.3046875
22 0.25078125 0.5828125 0.096875 0.321875
6 0.6109375 0.58515625 0.034375 0.059375
22 0.475 0.61171875 0.2015625 0.7765625
22 0.646875 0.6453125 0.1484375 0.609375