3 0.22890625 0.10234375 0.0765625 0.1
3 0.51953125 0.228125 0.0609375 0.09375
3 0.35859375 0.225 0.0578125 0.078125
3 0.57109375 0.26875 0.046875 0.0671875
3 0.4359375 0.253125 0.040625 0.05625
3 0.6390625 0.31328125 0.0546875 0.0953125
4 0.1828125 0.3265625 0.146875 0.3015625
3 0.79609375 0.4390625 0.06875 0.0703125
4 0.5578125 0.40703125 0.0765625 0.1921875
4 0.41328125 0.38828125 0.0921875 0.2
4 0.4875 0.409375 0.1328125 0.2640625
1 0.77578125 0.45625 0.03125 0.0421875
4 0.6078125 0.44921875 0.1171875 0.24375
4 0.325 0.425 0.134375 0.275
2 0.21953125 0.4765625 0.028125 0.0734375
2 0.41796875 0.5078125 0.025 0.0484375
2 0.1125 0.48203125 0.040625 0.084375
2 0.25390625 0.5359375 0.025 0.040625
2 0.35 0.55546875 0.03125 0.0375
4 0.753125 0.62421875 0.1484375 0.2828125
2 0.76484375 0.76171875 0.0265625 0.046875