1 0.196875 0.15 0.0484375 0.040625
3 0.3328125 0.20390625 0.046875 0.096875
3 0.71484375 0.20625 0.0375 0.0671875
3 0.4375 0.259375 0.0421875 0.096875
3 0.5703125 0.2953125 0.0421875 0.053125
3 0.87890625 0.3515625 0.0484375 0.08125
4 0.175 0.37421875 0.109375 0.3515625
4 0.3125 0.39140625 0.096875 0.2546875
4 0.703125 0.3921875 0.096875 0.2296875
4 0.43125 0.39921875 0.0859375 0.2
4 0.55390625 0.46875 0.1 0.221875
2 0.2625 0.50234375 0.0203125 0.0421875
2 0.646875 0.52109375 0.0234375 0.0671875
2 0.7390625 0.534375 0.0234375 0.078125
4 0.86484375 0.546875 0.0921875 0.2671875
2 0.8140625 0.67890625 0.021875 0.034375
3 0.18828125 0.0984375 0.065625 0.0671875