24 0.16953125 0.4109375 0.1453125 0.3953125
24 0.34375 0.44140625 0.1265625 0.271875
24 0.0734375 0.45625 0.0765625 0.18125
24 0.7359375 0.45859375 0.1359375 0.3671875
24 0.2390625 0.4734375 0.040625 0.18125
24 0.64921875 0.49921875 0.0546875 0.1484375
24 0.40390625 0.51484375 0.0328125 0.1328125
24 0.278125 0.51640625 0.03125 0.159375
24 0.796875 0.525 0.05 0.2078125
24 0.4546875 0.5359375 0.04375 0.171875
24 0.51796875 0.5359375 0.1328125 0.325
24 0.5671875 0.5359375 0.053125 0.203125
24 0.9578125 0.6546875 0.084375 0.4515625
24 0.89453125 0.734375 0.0796875 0.234375