3 0.77578125 0.17734375 0.0796875 0.1125
3 0.3828125 0.2296875 0.0796875 0.14375
3 0.55625 0.30234375 0.0734375 0.128125
4 0.17890625 0.3828125 0.1796875 0.40625
4 0.34921875 0.428125 0.15 0.28125
4 0.07890625 0.41953125 0.0921875 0.1875
4 0.73828125 0.4796875 0.1671875 0.378125
4 0.2421875 0.45078125 0.05625 0.184375
4 0.6484375 0.5125 0.0671875 0.153125
4 0.403125 0.50625 0.04375 0.1359375
4 0.27734375 0.496875 0.0453125 0.1609375
4 0.79375 0.55078125 0.0671875 0.2109375
4 0.4515625 0.53203125 0.0578125 0.175
4 0.51484375 0.5375 0.1609375 0.3359375
4 0.5640625 0.54140625 0.0703125 0.20625
2 0.0671875 0.53203125 0.034375 0.071875
2 0.22734375 0.55078125 0.01875 0.065625
2 0.628125 0.628125 0.0359375 0.103125
2 0.765625 0.67421875 0.0421875 0.1140625
4 0.940625 0.69296875 0.11875 0.4578125
4 0.87265625 0.76796875 0.1 0.240625
3 0.21875 0.11015625 0.0921875 0.1609375