17 0.50234375 0.30078125 0.084375 0.0859375
7 0.49375 0.3390625 0.0640625 0.065625
17 0.72734375 0.37109375 0.0390625 0.059375
17 0.9625 0.42421875 0.0625 0.0609375
17 0.34921875 0.38359375 0.0484375 0.071875
17 0.45390625 0.4078125 0.025 0.040625
17 0.59375 0.43828125 0.03125 0.04375
24 0.71484375 0.51953125 0.0875 0.2
24 0.34296875 0.54296875 0.0953125 0.23125
24 0.58515625 0.5640625 0.0703125 0.159375
7 0.6703125 0.61484375 0.025 0.0625
6 0.74453125 0.62265625 0.0140625 0.053125
22 0.71015625 0.63046875 0.1375 0.43125
22 0.58515625 0.6234375 0.0984375 0.296875
24 0.93515625 0.65703125 0.1265625 0.3078125
24 0.46171875 0.62578125 0.171875 0.4078125
6 0.29375 0.63203125 0.0171875 0.0484375
22 0.334375 0.659375 0.1265625 0.4625
22 0.47421875 0.69921875 0.2328125 0.6015625
22 0.91484375 0.75078125 0.1703125 0.4984375
6 0.87421875 0.79609375 0.025 0.053125