17 0.46015625 0.328125 0.065625 0.075
7 0.45625 0.36328125 0.0578125 0.0609375
17 0.690625 0.3796875 0.0328125 0.046875
17 0.3140625 0.4265625 0.0390625 0.075
17 0.91953125 0.4296875 0.059375 0.0640625
17 0.41875 0.44296875 0.025 0.0515625
17 0.559375 0.4515625 0.034375 0.03125
24 0.690625 0.5234375 0.071875 0.1859375
24 0.5625 0.57265625 0.0625 0.159375
24 0.3171875 0.58046875 0.0828125 0.2296875
22 0.56796875 0.63671875 0.0671875 0.29375
22 0.684375 0.6390625 0.09375 0.4328125
24 0.9171875 0.6625 0.1171875 0.2984375
24 0.446875 0.6640625 0.1484375 0.415625
6 0.26953125 0.67421875 0.0203125 0.04375
22 0.31171875 0.69765625 0.1046875 0.4515625
22 0.4578125 0.721875 0.2046875 0.53125
22 0.915625 0.75859375 0.165625 0.48125
6 0.9765625 0.790625 0.0140625 0.0359375
6 0.86171875 0.80078125 0.021875 0.0390625