7 0.68984375 0.309375 0.04375 0.0515625
17 0.7546875 0.434375 0.053125 0.0546875
17 0.28984375 0.328125 0.0484375 0.04375
17 0.39765625 0.3671875 0.034375 0.04375
17 0.58671875 0.41796875 0.034375 0.0484375
24 0.4734375 0.39453125 0.1828125 0.371875
24 0.63984375 0.5140625 0.171875 0.3
24 0.3765625 0.47109375 0.0875 0.1609375
24 0.56171875 0.51796875 0.0578125 0.1375
24 0.25390625 0.45234375 0.0921875 0.1671875
24 0.3734375 0.5 0.0546875 0.103125
24 0.25625 0.478125 0.0609375 0.1015625
22 0.3640625 0.54140625 0.10625 0.303125
22 0.23828125 0.5203125 0.171875 0.3359375
6 0.58671875 0.609375 0.0484375 0.065625
22 0.44765625 0.60078125 0.3828125 0.7984375
22 0.60703125 0.6765625 0.2921875 0.6265625