8 0.275 0.7046875 0.1109375 0.1390625
8 0.3828125 0.60390625 0.034375 0.0421875
8 0.584375 0.60625 0.0265625 0.034375
8 0.8453125 0.3515625 0.103125 0.109375
8 0.5328125 0.5828125 0.0296875 0.0296875
14 0.28359375 0.8984375 0.1796875 0.203125
14 0.90078125 0.6140625 0.1984375 0.428125
14 0.5203125 0.64921875 0.0625 0.1109375
14 0.62421875 0.66328125 0.0765625 0.115625
11 0.83671875 0.578125 0.3265625 0.609375
11 0.27421875 0.809375 0.2484375 0.38125
11 0.3796875 0.7 0.1609375 0.2703125
11 0.5296875 0.65703125 0.084375 0.1828125
11 0.6265625 0.69296875 0.134375 0.2578125