8 0.11796875 0.1609375 0.0765625 0.084375
8 0.66171875 0.14921875 0.0578125 0.0640625
8 0.77421875 0.15625 0.0609375 0.0625
8 0.8296875 0.45390625 0.05625 0.0671875
14 0.10078125 0.41796875 0.1703125 0.3328125
14 0.63359375 0.37265625 0.1296875 0.265625
14 0.76953125 0.3625 0.1296875 0.259375
14 0.84609375 0.6515625 0.134375 0.2328125
13 0.17578125 0.96171875 0.08125 0.0484375
13 0.73671875 0.83046875 0.0625 0.0453125
13 0.7734375 0.88125 0.0703125 0.0515625
13 0.8609375 0.87265625 0.0375 0.0703125
11 0.834375 0.66953125 0.246875 0.515625
11 0.77734375 0.49296875 0.190625 0.7328125
5 0.7703125 0.19296875 0.0625 0.034375
11 0.6265625 0.48125 0.1953125 0.7390625
13 0.63984375 0.81640625 0.0859375 0.0796875
13 0.0609375 0.95078125 0.0609375 0.05625
11 0.13359375 0.54765625 0.2671875 0.8765625