14 0.75 0.53125 0.096875 0.165625
13 0.13125 0.865625 0.04375 0.0375
13 0.20234375 0.85703125 0.0359375 0.0328125
13 0.24296875 0.8640625 0.0390625 0.040625
13 0.28046875 0.8640625 0.0265625 0.034375
13 0.36484375 0.88046875 0.0265625 0.0359375
13 0.40078125 0.87734375 0.0265625 0.0359375
13 0.43828125 0.8125 0.0296875 0.1125
13 0.4671875 0.81171875 0.03125 0.1109375
13 0.51796875 0.8375 0.0359375 0.0375
13 0.56796875 0.86015625 0.0390625 0.0515625
13 0.6140625 0.86640625 0.03125 0.0453125
13 0.66015625 0.88671875 0.0265625 0.0296875
13 0.6859375 0.88828125 0.025 0.0265625
13 0.73125 0.85078125 0.053125 0.0421875
13 0.76796875 0.88203125 0.0328125 0.0484375
13 0.8359375 0.8828125 0.040625 0.05
13 0.89765625 0.89765625 0.0484375 0.0546875
11 0.87734375 0.66796875 0.1671875 0.525
11 0.7515625 0.6375 0.1078125 0.5515625
11 0.67109375 0.6859375 0.1140625 0.4515625
11 0.58984375 0.66640625 0.090625 0.465625
11 0.53359375 0.6375 0.1015625 0.4515625
11 0.4640625 0.6515625 0.0875 0.4421875
11 0.37265625 0.65234375 0.1328125 0.5109375
11 0.26171875 0.66796875 0.115625 0.465625
11 0.16328125 0.65703125 0.128125 0.484375
18 0.1703125 0.4609375 0.05625 0.0609375
18 0.26484375 0.478125 0.0609375 0.0609375
18 0.378125 0.44375 0.053125 0.0609375
18 0.45625 0.4640625 0.0453125 0.0546875
18 0.53125 0.44453125 0.0421875 0.059375
18 0.590625 0.47421875 0.0453125 0.053125
18 0.6640625 0.50625 0.040625 0.0546875
18 0.7515625 0.41171875 0.0515625 0.040625
18 0.86484375 0.45625 0.0734375 0.0765625