3 0.1046875 0.16484375 0.1078125 0.121875
3 0.34921875 0.23203125 0.115625 0.1078125
3 0.55234375 0.2828125 0.1171875 0.109375
3 0.74921875 0.296875 0.11875 0.1203125
3 0.94765625 0.225 0.1046875 0.146875
4 0.10546875 0.37265625 0.2109375 0.3484375
4 0.325 0.4203125 0.225 0.34375
4 0.52265625 0.46796875 0.2296875 0.3109375
4 0.71328125 0.496875 0.21875 0.328125
0 0.04140625 0.74375 0.0828125 0.128125
0 0.2171875 0.73046875 0.128125 0.1265625
0 0.26875 0.76953125 0.125 0.1328125
0 0.4453125 0.759375 0.1171875 0.1140625
0 0.48046875 0.8109375 0.1109375 0.1125
0 0.60078125 0.82890625 0.1046875 0.090625
0 0.6359375 0.875 0.115625 0.1078125
0 0.79453125 0.90546875 0.1390625 0.125
0 0.8359375 0.93984375 0.16875 0.1203125
2 0.0390625 0.528125 0.078125 0.11875
2 0.265625 0.540625 0.08125 0.103125
2 0.4609375 0.5578125 0.0796875 0.10625
2 0.63984375 0.56875 0.071875 0.084375
2 0.8453125 0.61640625 0.128125 0.1265625
1 0.94921875 0.2515625 0.1015625 0.071875