3 0.15 0.1203125 0.08125 0.078125
3 0.2625 0.1875 0.046875 0.05
3 0.39921875 0.16484375 0.0484375 0.0484375
3 0.46484375 0.178125 0.0515625 0.071875
3 0.875 0.19375 0.04375 0.04375
3 0.9296875 0.08359375 0.08125 0.0765625
4 0.1796875 0.32578125 0.253125 0.3015625
4 0.265625 0.36953125 0.0625 0.1140625
4 0.39140625 0.30390625 0.0765625 0.1546875
4 0.4734375 0.309375 0.090625 0.190625
4 0.67109375 0.290625 0.1015625 0.190625
4 0.9046875 0.3375 0.11875 0.325
0 0.8859375 0.765625 0.078125 0.046875
0 0.62109375 0.64609375 0.0546875 0.0265625
0 0.68984375 0.6453125 0.0328125 0.025
0 0.4640625 0.64375 0.046875 0.034375
3 0.67109375 0.13125 0.0828125 0.053125
1 0.66328125 0.15234375 0.0671875 0.0265625
1 0.396875 0.1875 0.053125 0.0375
1 0.26015625 0.21953125 0.0546875 0.028125