4 0.20625 0.4203125 0.1421875 0.2734375
4 0.3203125 0.42265625 0.1265625 0.303125
4 0.4765625 0.3546875 0.1375 0.275
3 0.23046875 0.209375 0.0875 0.1015625
3 0.3515625 0.2046875 0.075 0.078125
3 0.4421875 0.1578125 0.0671875 0.090625
3 0.51484375 0.165625 0.0734375 0.0734375
2 0.540625 0.26484375 0.040625 0.059375
2 0.6015625 0.265625 0.059375 0.0515625
2 0.2671875 0.49453125 0.0546875 0.0703125
0 0.2078125 0.88125 0.078125 0.0890625
0 0.259375 0.8796875 0.078125 0.078125
0 0.3421875 0.85859375 0.0859375 0.0609375
0 0.46484375 0.88984375 0.1015625 0.0546875