3 0.13046875 0.1390625 0.0859375 0.0828125
3 0.24609375 0.2 0.05 0.053125
3 0.38203125 0.1703125 0.0515625 0.0515625
3 0.44765625 0.18046875 0.0546875 0.075
3 0.85859375 0.17421875 0.0453125 0.0453125
3 0.90703125 0.06171875 0.084375 0.08125
4 0.17109375 0.34296875 0.26875 0.3140625
4 0.259375 0.38203125 0.06875 0.1171875
4 0.38125 0.31015625 0.084375 0.1578125
4 0.46328125 0.3109375 0.1 0.1953125
4 0.66015625 0.28203125 0.1109375 0.1953125
4 0.8953125 0.31640625 0.1359375 0.33125
0 0.89921875 0.7453125 0.08125 0.0515625
0 0.62890625 0.63984375 0.05625 0.0296875
0 0.696875 0.63515625 0.034375 0.0265625
0 0.471875 0.6453125 0.0484375 0.0375
3 0.6515625 0.12265625 0.0859375 0.0578125
1 0.64453125 0.14453125 0.06875 0.0296875
1 0.38046875 0.19296875 0.0546875 0.040625
1 0.24609375 0.2328125 0.05625 0.03125