4 0.203125 0.25859375 0.065625 0.0484375
4 0.3109375 0.32265625 0.06875 0.078125
4 0.50078125 0.3109375 0.059375 0.0515625
4 0.80546875 0.5265625 0.065625 0.0859375
3 0.8140625 0.459375 0.0296875 0.0296875
3 0.3015625 0.26328125 0.0375 0.0359375
0 0.7671875 0.6921875 0.034375 0.0359375
0 0.33515625 0.43046875 0.0234375 0.053125
0 0.2984375 0.41640625 0.0328125 0.0515625
0 0.24296875 0.40625 0.028125 0.065625
0 0.2 0.3609375 0.0265625 0.053125
0 0.53515625 0.4046875 0.025 0.0390625
0 0.51640625 0.40078125 0.025 0.0359375
2 0.7484375 0.5578125 0.0328125 0.03125