8 0.4078125 0.0484375 0.090625 0.096875
14 0.7390625 0.34140625 0.396875 0.4171875
14 0.3296875 0.2734375 0.3046875 0.3734375
8 0.7625 0.11328125 0.090625 0.0796875
13 0.23671875 0.90390625 0.11875 0.090625
13 0.1234375 0.89140625 0.103125 0.08125
13 0.6734375 0.978125 0.0625 0.04375
13 0.584375 0.96640625 0.09375 0.0671875
6 0.2 0.44375 0.078125 0.09375
6 0.91328125 0.43046875 0.065625 0.08125
6 0.60234375 0.09609375 0.0765625 0.0921875
6 0.484375 0.1453125 0.05 0.075
11 0.27421875 0.49140625 0.5484375 0.9828125
11 0.69453125 0.5078125 0.6109375 0.984375