8 0.19921875 0.08046875 0.090625 0.0875
8 0.30234375 0.1609375 0.053125 0.0546875
8 0.440625 0.1546875 0.0546875 0.0546875
8 0.5046875 0.1765625 0.059375 0.078125
8 0.909375 0.24140625 0.0484375 0.0484375
8 0.965625 0.13828125 0.06875 0.0859375
14 0.203125 0.28828125 0.2875 0.3296875
14 0.28359375 0.3421875 0.0765625 0.1203125
14 0.41640625 0.2921875 0.0953125 0.1625
14 0.496875 0.3078125 0.1125 0.2
14 0.6953125 0.31328125 0.1234375 0.2015625
14 0.92109375 0.38828125 0.1578125 0.3375
13 0.85078125 0.8109375 0.0828125 0.05625
13 0.60234375 0.659375 0.0578125 0.0328125
13 0.67109375 0.6671875 0.0359375 0.028125
13 0.446875 0.63828125 0.05 0.0390625
8 0.71484375 0.1546875 0.0890625 0.0625
11 0.89375 0.4703125 0.2125 0.803125
11 0.89296875 0.34453125 0.096875 0.3015625
11 0.67421875 0.40703125 0.271875 0.6171875
5 0.7046875 0.175 0.0703125 0.034375
11 0.48125 0.4015625 0.203125 0.56875
11 0.39921875 0.37265625 0.184375 0.5328125
5 0.4359375 0.17734375 0.0578125 0.04375
11 0.278125 0.40546875 0.1921875 0.5765625
5 0.29609375 0.1921875 0.0578125 0.034375
11 0.13984375 0.39140625 0.259375 0.771875