14 0.19609375 0.478125 0.1828125 0.290625
14 0.30859375 0.45859375 0.171875 0.31875
14 0.44921875 0.3625 0.178125 0.2921875
8 0.18046875 0.26640625 0.1015625 0.1140625
8 0.29765625 0.23828125 0.0859375 0.0875
8 0.37734375 0.175 0.0796875 0.0984375
8 0.45078125 0.16875 0.0828125 0.0828125
6 0.4953125 0.2609375 0.0484375 0.065625
6 0.55546875 0.25078125 0.065625 0.059375
6 0.2703125 0.5390625 0.0640625 0.0765625
13 0.2859375 0.9296875 0.090625 0.1
13 0.33671875 0.91796875 0.0890625 0.0890625
13 0.41328125 0.88203125 0.09375 0.0734375
13 0.53984375 0.88984375 0.1078125 0.0703125
11 0.2234375 0.59140625 0.328125 0.8171875
11 0.3265625 0.5546875 0.2859375 0.7578125
11 0.51484375 0.515625 0.3921875 0.875