8 0.41015625 0.30390625 0.1171875 0.084375
8 0.590625 0.35546875 0.1140625 0.0765625
8 0.75 0.33125 0.1359375 0.0796875
13 0.3078125 0.88125 0.1 0.05
13 0.4234375 0.8890625 0.1140625 0.0640625
13 0.5921875 0.915625 0.10625 0.0640625
13 0.7015625 0.96953125 0.075 0.0609375
13 0.66640625 0.93515625 0.103125 0.065625
14 0.33828125 0.4546875 0.234375 0.2640625
14 0.54921875 0.509375 0.2390625 0.221875
14 0.809375 0.51328125 0.2796875 0.265625
11 0.77109375 0.625 0.4328125 0.75
11 0.54609375 0.6296875 0.409375 0.7078125
11 0.26328125 0.521875 0.490625 0.8109375