14 0.2046875 0.42578125 0.1375 0.2703125
14 0.31875 0.42578125 0.121875 0.3015625
14 0.47421875 0.35546875 0.1328125 0.2734375
8 0.22578125 0.2140625 0.0859375 0.1
8 0.34609375 0.20703125 0.0734375 0.0765625
8 0.4359375 0.15859375 0.065625 0.0890625
8 0.509375 0.165625 0.071875 0.071875
6 0.53671875 0.2640625 0.0390625 0.059375
6 0.59765625 0.2640625 0.0578125 0.05
6 0.2671875 0.4984375 0.053125 0.06875
13 0.21484375 0.8859375 0.0765625 0.0875
13 0.26640625 0.88359375 0.0765625 0.0765625
13 0.3484375 0.8609375 0.084375 0.059375
13 0.471875 0.890625 0.1 0.053125
11 0.21171875 0.5453125 0.1921875 0.8015625
11 0.31953125 0.5234375 0.159375 0.740625
11 0.51171875 0.51796875 0.2484375 0.8453125