8 0.32265625 0.06953125 0.0734375 0.0953125
14 0.7046875 0.2984375 0.334375 0.359375
14 0.28984375 0.31015625 0.2453125 0.3328125
8 0.68359375 0.0703125 0.0796875 0.065625
13 0.31875 0.946875 0.10625 0.071875
13 0.20546875 0.95625 0.0921875 0.065625
13 0.76640625 0.9578125 0.0484375 0.078125
13 0.67421875 0.95546875 0.0796875 0.0796875
6 0.19453125 0.50234375 0.0640625 0.0828125
6 0.8921875 0.353125 0.053125 0.071875
6 0.5234375 0.084375 0.0625 0.08125
6 0.4171875 0.1546875 0.0375 0.06875
11 0.2671875 0.5109375 0.378125 0.978125
11 0.7046875 0.5046875 0.440625 0.990625