4 0.21171875 0.2484375 0.0640625 0.046875
4 0.3171875 0.31640625 0.065625 0.0765625
4 0.50703125 0.3109375 0.0578125 0.05
4 0.8046875 0.5375 0.0625 0.084375
3 0.815625 0.4703125 0.028125 0.028125
3 0.31015625 0.25625 0.0359375 0.034375
0 0.76015625 0.7015625 0.0328125 0.034375
0 0.3375 0.425 0.021875 0.053125
0 0.3015625 0.409375 0.03125 0.05
0 0.24609375 0.39765625 0.0265625 0.0640625
0 0.2046875 0.35078125 0.025 0.0515625
0 0.53828125 0.40625 0.0234375 0.0375
0 0.51953125 0.4015625 0.0234375 0.034375
2 0.74609375 0.56640625 0.03125 0.0296875