8 0.04375 0.2546875 0.0875 0.10625
8 0.296875 0.26953125 0.1 0.0890625
8 0.50625 0.2765625 0.1 0.090625
8 0.7015625 0.24921875 0.1 0.1015625
8 0.90078125 0.134375 0.1203125 0.125
14 0.08046875 0.459375 0.1609375 0.321875
14 0.3125 0.45859375 0.1625 0.3171875
14 0.515625 0.4640625 0.175 0.28125
14 0.7078125 0.45234375 0.159375 0.3015625
13 0.02109375 0.82890625 0.0421875 0.1171875
13 0.09296875 0.83671875 0.0796875 0.1140625
13 0.27109375 0.784375 0.1078125 0.10625
13 0.3296875 0.81171875 0.103125 0.1140625
13 0.5 0.76484375 0.1 0.0953125
13 0.5453125 0.80859375 0.09375 0.0953125
13 0.6671875 0.80078125 0.090625 0.0734375
13 0.7109375 0.83828125 0.1 0.0890625
13 0.87265625 0.83515625 0.1203125 0.1015625
13 0.92265625 0.8703125 0.1484375 0.1125
6 0.04765625 0.625 0.0734375 0.10625
6 0.27890625 0.58828125 0.0640625 0.0921875
6 0.47421875 0.56484375 0.0609375 0.0953125
6 0.65078125 0.53828125 0.0578125 0.0734375
6 0.86171875 0.5421875 0.1078125 0.10625
11 0.90078125 0.5203125 0.1984375 0.89375
5 0.89453125 0.16328125 0.10625 0.0515625
11 0.70625 0.55234375 0.1796875 0.7
11 0.51953125 0.5390625 0.1953125 0.6296875
11 0.29296875 0.5375 0.1921875 0.64375
11 0.07421875 0.5453125 0.1484375 0.690625