3 0.10078125 0.18125 0.071875 0.08125
3 0.64296875 0.14140625 0.0546875 0.0609375
3 0.75546875 0.1421875 0.0578125 0.059375
3 0.8265625 0.43671875 0.053125 0.0640625
4 0.096875 0.4390625 0.153125 0.325
4 0.6265625 0.365625 0.115625 0.259375
4 0.76171875 0.3484375 0.1171875 0.253125
4 0.85390625 0.63359375 0.1234375 0.2265625
0 0.20078125 0.978125 0.0796875 0.04375
0 0.75390625 0.81796875 0.0609375 0.0421875
0 0.79296875 0.86640625 0.0671875 0.0484375
0 0.8796875 0.853125 0.034375 0.06875
1 0.75390625 0.17890625 0.0609375 0.03125
0 0.65625 0.80859375 0.0828125 0.075
0 0.08515625 0.9734375 0.0578125 0.053125