8 0.0359375 0.29453125 0.071875 0.1140625
8 0.27734375 0.28828125 0.1078125 0.096875
8 0.48671875 0.2765625 0.1078125 0.0984375
8 0.67890625 0.2328125 0.1078125 0.109375
8 0.8671875 0.10078125 0.13125 0.134375
14 0.08671875 0.4953125 0.1734375 0.334375
14 0.309375 0.475 0.1890625 0.3296875
14 0.5125 0.4625 0.1984375 0.2953125
14 0.703125 0.434375 0.184375 0.3140625
13 0.0515625 0.86953125 0.0515625 0.1203125
13 0.12421875 0.87109375 0.0890625 0.1203125
13 0.296875 0.803125 0.1171875 0.115625
13 0.3578125 0.825 0.1125 0.121875
13 0.5234375 0.7640625 0.1078125 0.103125
13 0.571875 0.803125 0.1015625 0.103125
13 0.69296875 0.78515625 0.096875 0.08125
13 0.73984375 0.81875 0.1078125 0.096875
13 0.90078125 0.8015625 0.128125 0.1109375
13 0.93671875 0.83125 0.1265625 0.125
6 0.06015625 0.6640625 0.0828125 0.1125
6 0.2875 0.60703125 0.071875 0.096875
6 0.4796875 0.5671875 0.06875 0.1
6 0.65390625 0.525 0.0640625 0.078125
6 0.8640625 0.51015625 0.1171875 0.115625
11 0.88125 0.48515625 0.2375 0.9078125
5 0.8640625 0.13046875 0.1109375 0.0609375
11 0.71015625 0.534375 0.240625 0.7125
11 0.52265625 0.5375 0.25 0.64375
11 0.296875 0.55546875 0.246875 0.6578125
11 0.09140625 0.58203125 0.1828125 0.7015625