3 0.04375 0.2546875 0.0875 0.10625
3 0.296875 0.26953125 0.1 0.0890625
3 0.50625 0.2765625 0.1 0.090625
3 0.7015625 0.24921875 0.1 0.1015625
3 0.90078125 0.134375 0.1203125 0.125
4 0.08046875 0.459375 0.1609375 0.321875
4 0.3125 0.45859375 0.1625 0.3171875
4 0.515625 0.4640625 0.175 0.28125
4 0.7078125 0.45234375 0.159375 0.3015625
0 0.02109375 0.82890625 0.0421875 0.1171875
0 0.09296875 0.83671875 0.0796875 0.1140625
0 0.27109375 0.784375 0.1078125 0.10625
0 0.3296875 0.81171875 0.103125 0.1140625
0 0.5 0.76484375 0.1 0.0953125
0 0.5453125 0.80859375 0.09375 0.0953125
0 0.6671875 0.80078125 0.090625 0.0734375
0 0.7109375 0.83828125 0.1 0.0890625
0 0.87265625 0.83515625 0.1203125 0.1015625
0 0.92265625 0.8703125 0.1484375 0.1125
2 0.04765625 0.625 0.0734375 0.10625
2 0.27890625 0.58828125 0.0640625 0.0921875
2 0.47421875 0.56484375 0.0609375 0.0953125
2 0.65078125 0.53828125 0.0578125 0.0734375
2 0.86171875 0.5421875 0.1078125 0.10625
1 0.89453125 0.16328125 0.10625 0.0515625