8 0.38046875 0.3203125 0.1078125 0.06875
8 0.5671875 0.34296875 0.10625 0.0609375
8 0.7203125 0.29453125 0.128125 0.0609375
13 0.36953125 0.90703125 0.0953125 0.0359375
13 0.48515625 0.89609375 0.1078125 0.0484375
13 0.65625 0.89609375 0.1 0.0484375
13 0.77265625 0.934375 0.0671875 0.05625
13 0.7328125 0.90390625 0.096875 0.0515625
14 0.3328125 0.48046875 0.2 0.2359375
14 0.55 0.5015625 0.2125 0.190625
14 0.8078125 0.46484375 0.246875 0.2296875
11 0.7921875 0.6125 0.315625 0.775
11 0.565625 0.62109375 0.309375 0.6671875
11 0.26953125 0.55859375 0.3765625 0.7609375