8 0.2484375 0.67109375 0.09375 0.1265625
8 0.36953125 0.58671875 0.0296875 0.0390625
8 0.56875 0.6171875 0.021875 0.03125
8 0.8625 0.40078125 0.090625 0.0984375
8 0.52109375 0.58671875 0.0265625 0.0265625
14 0.228125 0.8859375 0.15 0.228125
14 0.89609375 0.67109375 0.1734375 0.4078125
14 0.49921875 0.65078125 0.0484375 0.1046875
14 0.6 0.67890625 0.0625 0.1078125
11 0.8484375 0.62890625 0.303125 0.5734375
11 0.23046875 0.7984375 0.19375 0.403125
11 0.353125 0.68125 0.1265625 0.2546875
11 0.5078125 0.659375 0.0609375 0.1765625
11 0.5984375 0.70859375 0.1015625 0.2453125