3 0.15546875 0.12265625 0.084375 0.0921875
3 0.69765625 0.16796875 0.0640625 0.06875
3 0.80859375 0.18671875 0.065625 0.0671875
3 0.8328125 0.48828125 0.0625 0.071875
4 0.11171875 0.3765625 0.2015625 0.3453125
4 0.64609375 0.38671875 0.1546875 0.275
4 0.78203125 0.39140625 0.1546875 0.26875
4 0.82890625 0.6875 0.1578125 0.24375
0 0.1296875 0.92578125 0.0859375 0.05625
0 0.70078125 0.85390625 0.0671875 0.0515625
0 0.73203125 0.9078125 0.0734375 0.0578125
0 0.81953125 0.9078125 0.0453125 0.0734375
1 0.80078125 0.22265625 0.065625 0.040625
0 0.60625 0.82890625 0.09375 0.0875
0 0.02421875 0.90234375 0.0484375 0.0609375