14 0.7515625 0.49140625 0.121875 0.178125
13 0.19296875 0.91875 0.0484375 0.04375
13 0.26171875 0.89921875 0.040625 0.0375
13 0.303125 0.9 0.0453125 0.046875
13 0.33984375 0.89375 0.03125 0.0375
13 0.42578125 0.896875 0.03125 0.0390625
13 0.4609375 0.88828125 0.03125 0.0390625
13 0.48828125 0.81796875 0.046875 0.115625
13 0.51640625 0.81328125 0.0484375 0.1140625
13 0.5703125 0.83046875 0.040625 0.0421875
13 0.6234375 0.8453125 0.046875 0.0578125
13 0.6703125 0.84375 0.0375 0.05
13 0.71875 0.85703125 0.03125 0.0328125
13 0.74453125 0.8546875 0.028125 0.0296875
13 0.78359375 0.81015625 0.059375 0.05
13 0.82421875 0.83515625 0.040625 0.053125
13 0.89140625 0.82578125 0.0484375 0.05625
13 0.9546875 0.83046875 0.05625 0.0609375
11 0.8875 0.60703125 0.225 0.5453125
11 0.7703125 0.59609375 0.1921875 0.5609375
11 0.6984375 0.65703125 0.1828125 0.4640625
11 0.61484375 0.65 0.1625 0.4734375
11 0.5546875 0.63046875 0.1703125 0.4625
11 0.48828125 0.65546875 0.15625 0.45
11 0.3984375 0.6703125 0.2109375 0.525
11 0.290625 0.703125 0.1875 0.478125
11 0.1921875 0.7078125 0.2015625 0.4984375
18 0.16796875 0.51328125 0.065625 0.06875
18 0.2640625 0.51484375 0.0703125 0.0703125
18 0.37109375 0.46328125 0.0625 0.06875
18 0.45078125 0.47109375 0.053125 0.0609375
18 0.521875 0.440625 0.0515625 0.065625
18 0.58515625 0.46015625 0.053125 0.059375
18 0.66328125 0.48046875 0.0484375 0.0609375
18 0.734375 0.3734375 0.0578125 0.0484375
18 0.853125 0.4 0.084375 0.0875