24 0.146875 0.2421875 0.29375 0.484375
24 0.384375 0.28046875 0.146875 0.415625
24 0.49453125 0.24140625 0.0828125 0.209375
24 0.58359375 0.19140625 0.1828125 0.2046875
24 0.71796875 0.1703125 0.2015625 0.2421875
24 0.85625 0.12890625 0.1890625 0.24375
24 0.95078125 0.11484375 0.0984375 0.2171875
24 0.1484375 0.74609375 0.296875 0.4984375
24 0.503125 0.9296875 0.125 0.140625
24 0.64296875 0.91953125 0.1953125 0.1609375
24 0.78828125 0.896875 0.1828125 0.2046875
24 0.90859375 0.87421875 0.175 0.24375