24 0.14296875 0.24453125 0.2859375 0.4890625
24 0.38046875 0.2828125 0.1390625 0.4125
24 0.48984375 0.24140625 0.0796875 0.2078125
24 0.578125 0.18984375 0.1796875 0.2015625
24 0.7125 0.16640625 0.196875 0.2390625
24 0.85 0.12265625 0.184375 0.240625
24 0.9484375 0.1078125 0.103125 0.215625
24 0.14921875 0.753125 0.2984375 0.49375
24 0.5109375 0.93046875 0.121875 0.1390625
24 0.65078125 0.91953125 0.1921875 0.1609375
24 0.7953125 0.89140625 0.1796875 0.2015625
24 0.91484375 0.8671875 0.1703125 0.240625