24 0.7484375 0.31484375 0.43125 0.3390625
24 0.44140625 0.09921875 0.1671875 0.1984375
24 0.3109375 0.09921875 0.16875 0.1984375
24 0.20234375 0.096875 0.1484375 0.19375
24 0.11796875 0.10703125 0.1296875 0.2140625
24 0.8640625 0.76796875 0.1609375 0.228125
24 0.7515625 0.83125 0.175 0.2421875
24 0.64140625 0.846875 0.1578125 0.2265625
24 0.53984375 0.85078125 0.1703125 0.2375
24 0.40859375 0.859375 0.1671875 0.2203125
24 0.33359375 0.3984375 0.146875 0.096875
24 0.2125 0.4078125 0.196875 0.171875
24 0.06640625 0.38828125 0.1328125 0.1796875
24 0.16796875 0.709375 0.14375 0.253125