24 0.2953125 0.2671875 0.384375 0.265625
24 0.64296875 0.1046875 0.1265625 0.209375
24 0.7703125 0.13828125 0.13125 0.1953125
24 0.87734375 0.15625 0.109375 0.2
24 0.95625 0.190625 0.0875 0.209375
24 0.08828125 0.68671875 0.1203125 0.2078125
24 0.18515625 0.771875 0.1328125 0.21875
24 0.28984375 0.81015625 0.1171875 0.20625
24 0.38828125 0.83515625 0.128125 0.215625
24 0.51484375 0.8703125 0.1296875 0.196875
24 0.68359375 0.43515625 0.1359375 0.0703125
24 0.8 0.46953125 0.171875 0.1390625
24 0.9484375 0.48125 0.103125 0.1625
24 0.78125 0.7734375 0.096875 0.2375