3 0.56796875 0.3546875 0.0765625 0.0578125
2 0.75703125 0.67890625 0.128125 0.228125
2 0.675 0.584375 0.1328125 0.215625
2 0.565625 0.5265625 0.1171875 0.19375
2 0.234375 0.5453125 0.1859375 0.25
3 0.88359375 0.3859375 0.103125 0.075
2 0.390625 0.5078125 0.1734375 0.234375
3 0.76640625 0.5234375 0.071875 0.0734375
3 0.13046875 0.25546875 0.1609375 0.14375
3 0.259375 0.3703125 0.096875 0.08125
3 0.390625 0.35625 0.09375 0.08125
3 0.69453125 0.421875 0.071875 0.065625
0 0.8859375 0.653125 0.228125 0.609375
0 0.7546875 0.71953125 0.1546875 0.434375
0 0.65859375 0.65390625 0.19375 0.5328125
0 0.53203125 0.61171875 0.215625 0.5984375
0 0.3484375 0.60703125 0.2421875 0.565625
0 0.09921875 0.54609375 0.1984375 0.6453125
0 0.215625 0.6140625 0.2015625 0.5421875
