3 0.54453125 0.34609375 0.0703125 0.046875
2 0.78203125 0.63671875 0.0953125 0.215625
2 0.6859375 0.55625 0.103125 0.2015625
2 0.56875 0.515625 0.0890625 0.1828125
2 0.24453125 0.58671875 0.1515625 0.2296875
3 0.8609375 0.32734375 0.0953125 0.0609375
2 0.39296875 0.525 0.1421875 0.2140625
3 0.76640625 0.48125 0.0625 0.0640625
3 0.096875 0.31640625 0.14375 0.1234375
3 0.2421875 0.409375 0.0875 0.06875
3 0.36953125 0.375 0.084375 0.06875
3 0.6796875 0.3921875 0.0640625 0.05625
0 0.90859375 0.59140625 0.14375 0.59375
0 0.7859375 0.67734375 0.0890625 0.425
0 0.68046875 0.62734375 0.1140625 0.521875
0 0.54921875 0.60546875 0.125 0.5859375
0 0.3671875 0.6296875 0.159375 0.546875
0 0.08359375 0.6125 0.1578125 0.628125
0 0.23671875 0.65703125 0.1203125 0.5296875
