2 0.8 0.5875 0.084375 0.1515625
2 0.4859375 0.52421875 0.0828125 0.0890625
2 0.66796875 0.49765625 0.0640625 0.0921875
2 0.29453125 0.59375 0.0484375 0.071875
2 0.38046875 0.5578125 0.0578125 0.0921875
2 0.15 0.634375 0.0703125 0.109375
2 0.6328125 0.4984375 0.0921875 0.1046875
3 0.61171875 0.42421875 0.04375 0.0390625
3 0.45 0.453125 0.0421875 0.0453125
3 0.7453125 0.44140625 0.0546875 0.05
3 0.28046875 0.503125 0.0359375 0.0390625
3 0.13359375 0.55859375 0.0515625 0.053125
3 0.65703125 0.4171875 0.0453125 0.0375
