1 0.51015625 0.13984375 0.0765625 0.1
1 0.10234375 0.16171875 0.065625 0.1
1 0.23515625 0.24609375 0.0578125 0.1046875
1 0.6828125 0.284375 0.0859375 0.1125
1 0.365625 0.2703125 0.065625 0.090625
2 0.09140625 0.36171875 0.1328125 0.284375
2 0.02421875 0.3703125 0.0421875 0.140625
2 0.4890625 0.421875 0.153125 0.3484375
2 0.2359375 0.40390625 0.1140625 0.2453125
2 0.14921875 0.4046875 0.0484375 0.1609375
2 0.4234375 0.46953125 0.034375 0.121875
2 0.30390625 0.47265625 0.0265625 0.1453125
2 0.27734375 0.478125 0.0375 0.1078125
2 0.53125 0.49921875 0.0625 0.209375
2 0.384375 0.49453125 0.0625 0.165625
2 0.17890625 0.48046875 0.025 0.0875
2 0.3421875 0.49375 0.1234375 0.2875
2 0.64765625 0.628125 0.1921875 0.478125
2 0.5375 0.68125 0.0734375 0.259375
2 0.71171875 0.76171875 0.08125 0.2125
