1 0.03515625 0.3359375 0.0703125 0.19375
1 0.21015625 0.30703125 0.115625 0.1640625
1 0.8140625 0.2109375 0.0796875 0.0921875
1 0.52734375 0.28125 0.0984375 0.1171875
1 0.36875 0.42265625 0.15 0.2078125
2 0.8484375 0.40625 0.1671875 0.23125
2 0.09921875 0.5546875 0.1984375 0.35
2 0.26015625 0.525 0.1828125 0.265625
2 0.565625 0.5234375 0.2 0.3109375
2 0.215625 0.60078125 0.1078125 0.1703125
2 0.128125 0.6546875 0.14375 0.196875
2 0.31640625 0.640625 0.10625 0.1796875
2 0.64296875 0.60625 0.11875 0.2453125
2 0.45390625 0.7609375 0.271875 0.45
2 0.3234375 0.790625 0.14375 0.171875
2 0.50625 0.86640625 0.2125 0.2671875
