2 0.75 0.53125 0.096875 0.165625
0 0.87734375 0.66796875 0.1671875 0.525
0 0.7515625 0.6375 0.1078125 0.5515625
0 0.67109375 0.6859375 0.1140625 0.4515625
0 0.58984375 0.66640625 0.090625 0.465625
0 0.53359375 0.6375 0.1015625 0.4515625
0 0.4640625 0.6515625 0.0875 0.4421875
0 0.37265625 0.65234375 0.1328125 0.5109375
0 0.26171875 0.66796875 0.115625 0.465625
0 0.16328125 0.65703125 0.128125 0.484375
3 0.1703125 0.4609375 0.05625 0.0609375
3 0.26484375 0.478125 0.0609375 0.0609375
3 0.378125 0.44375 0.053125 0.0609375
3 0.45625 0.4640625 0.0453125 0.0546875
3 0.53125 0.44453125 0.0421875 0.059375
3 0.590625 0.47421875 0.0453125 0.053125
3 0.6640625 0.50625 0.040625 0.0546875
3 0.7515625 0.41171875 0.0515625 0.040625
3 0.86484375 0.45625 0.0734375 0.0765625
