1 0.04375 0.2546875 0.0875 0.10625
1 0.296875 0.26953125 0.1 0.0890625
1 0.50625 0.2765625 0.1 0.090625
1 0.7015625 0.24921875 0.1 0.1015625
1 0.90078125 0.134375 0.1203125 0.125
2 0.08046875 0.459375 0.1609375 0.321875
2 0.3125 0.45859375 0.1625 0.3171875
2 0.515625 0.4640625 0.175 0.28125
2 0.7078125 0.45234375 0.159375 0.3015625
0 0.90078125 0.5203125 0.1984375 0.89375
0 0.70625 0.55234375 0.1796875 0.7
0 0.51953125 0.5390625 0.1953125 0.6296875
0 0.29296875 0.5375 0.1921875 0.64375
0 0.07421875 0.5453125 0.1484375 0.690625
