1 0.0359375 0.29453125 0.071875 0.1140625
1 0.27734375 0.28828125 0.1078125 0.096875
1 0.48671875 0.2765625 0.1078125 0.0984375
1 0.67890625 0.2328125 0.1078125 0.109375
1 0.8671875 0.10078125 0.13125 0.134375
2 0.08671875 0.4953125 0.1734375 0.334375
2 0.309375 0.475 0.1890625 0.3296875
2 0.5125 0.4625 0.1984375 0.2953125
2 0.703125 0.434375 0.184375 0.3140625
0 0.88125 0.48515625 0.2375 0.9078125
0 0.71015625 0.534375 0.240625 0.7125
0 0.52265625 0.5375 0.25 0.64375
0 0.296875 0.55546875 0.246875 0.6578125
0 0.09140625 0.58203125 0.1828125 0.7015625
