2 0.7515625 0.49140625 0.121875 0.178125
0 0.8875 0.60703125 0.225 0.5453125
0 0.7703125 0.59609375 0.1921875 0.5609375
0 0.6984375 0.65703125 0.1828125 0.4640625
0 0.61484375 0.65 0.1625 0.4734375
0 0.5546875 0.63046875 0.1703125 0.4625
0 0.48828125 0.65546875 0.15625 0.45
0 0.3984375 0.6703125 0.2109375 0.525
0 0.290625 0.703125 0.1875 0.478125
0 0.1921875 0.7078125 0.2015625 0.4984375
3 0.16796875 0.51328125 0.065625 0.06875
3 0.2640625 0.51484375 0.0703125 0.0703125
3 0.37109375 0.46328125 0.0625 0.06875
3 0.45078125 0.47109375 0.053125 0.0609375
3 0.521875 0.440625 0.0515625 0.065625
3 0.58515625 0.46015625 0.053125 0.059375
3 0.66328125 0.48046875 0.0484375 0.0609375
3 0.734375 0.3734375 0.0578125 0.0484375
3 0.853125 0.4 0.084375 0.0875
