1 0.11796875 0.1609375 0.0765625 0.084375
1 0.66171875 0.14921875 0.0578125 0.0640625
1 0.77421875 0.15625 0.0609375 0.0625
1 0.8296875 0.45390625 0.05625 0.0671875
2 0.10078125 0.41796875 0.1703125 0.3328125
2 0.63359375 0.37265625 0.1296875 0.265625
2 0.76953125 0.3625 0.1296875 0.259375
2 0.84609375 0.6515625 0.134375 0.2328125
0 0.834375 0.66953125 0.246875 0.515625
0 0.77734375 0.49296875 0.190625 0.7328125
0 0.6265625 0.48125 0.1953125 0.7390625
0 0.13359375 0.54765625 0.2671875 0.8765625
